0000.png,565,267,20
0000.png,551,271,20
0000.png,569,272,20
0000.png,555,274,20
0000.png,536,276,20
0000.png,547,277,20
0000.png,528,279,20
0000.png,538,280,20
0000.png,518,282,20
0000.png,528,283,20
0000.png,508,285,20
0000.png,517,286,20
0000.png,497,288,20
0000.png,507,289,20
0000.png,488,291,20
0000.png,498,292,20
0000.png,479,294,20
0000.png,490,295,20
0000.png,471,297,20
0000.png,452,299,20
0000.png,462,300,20
0000.png,443,302,20
0000.png,452,303,20
0000.png,432,305,20
0000.png,442,306,20
0000.png,421,308,20
0000.png,431,309,20
0000.png,412,311,20
0000.png,423,312,20
0000.png,403,314,20
0000.png,414,315,20
0000.png,396,317,20
0000.png,406,318,20
0000.png,388,320,20
0000.png,399,321,20
0000.png,381,323,20
0000.png,362,325,20
0000.png,373,326,20
0000.png,354,328,20
0000.png,364,329,20
0000.png,345,331,20
0000.png,355,332,20
0000.png,335,334,20
0000.png,344,335,20
0000.png,324,337,20
0000.png,334,338,20
0000.png,314,340,20
0000.png,324,341,20
0000.png,305,343,20
0000.png,316,344,20
0000.png,297,346,20
0000.png,278,348,20
0000.png,289,349,20
0000.png,270,351,20
0000.png,279,352,20
0000.png,259,354,20
0000.png,269,355,20
0000.png,248,357,20
0000.png,258,358,20
0000.png,239,360,20
0000.png,249,361,20
0000.png,229,363,20
0000.png,240,364,20
0000.png,222,366,20
0000.png,232,367,20
0000.png,213,369,20
0000.png,223,370,20
0000.png,204,372,20
0000.png,213,373,20
0000.png,193,375,20
0000.png,203,376,20
0000.png,182,378,20
0000.png,192,379,20
0000.png,173,381,20
0000.png,154,383,20
0000.png,164,384,20
0000.png,146,386,20
0000.png,157,387,20
0000.png,137,389,20
0000.png,147,390,20
0000.png,128,392,20
0000.png,138,393,20
0000.png,117,395,20
0000.png,127,396,20
0000.png,107,398,20
0000.png,116,399,20
0000.png,97,401,20
0000.png,108,402,20
0000.png,89,404,20
0000.png,99,405,20
0000.png,81,407,20
0000.png,62,409,20
0000.png,71,410,20
0000.png,52,412,20
0000.png,62,413,20
0000.png,42,415,20
0000.png,51,416,20
0000.png,35,418,20
0000.png,32,420,20
0000.png,37,423,20
0000.png,646,257,70
0000.png,643,263,70
0000.png,631,268,70
0000.png,631,272,70
0000.png,621,277,70
0000.png,624,281,70
0000.png,616,286,70
0000.png,605,291,70
0000.png,605,295,70
0000.png,592,300,70
0000.png,594,304,70
0000.png,585,309,70
0000.png,585,313,70
0000.png,573,318,70
0000.png,573,322,70
0000.png,563,327,70
0000.png,552,332,70
0000.png,552,336,70
0000.png,540,341,70
0000.png,542,345,70
0000.png,533,350,70
0000.png,525,355,70
0000.png,527,359,70
0000.png,515,364,70
0000.png,515,368,70
0000.png,503,373,70
0000.png,505,377,70
0000.png,494,382,70
0000.png,494,386,70
0000.png,482,391,70
0000.png,472,396,70
0000.png,475,400,70
0000.png,467,405,70
0000.png,457,410,70
0000.png,457,414,70
0000.png,444,419,70
0000.png,445,423,70
0000.png,436,428,70
0000.png,436,432,70
0000.png,424,437,70
0000.png,424,441,70
0000.png,414,446,70
0000.png,404,451,70
0000.png,404,455,70
0000.png,404,459,70
0000.png,393,464,70
0000.png,384,469,70
0000.png,376,474,70
0000.png,378,478,70
0000.png,366,483,70
0000.png,366,487,70
0000.png,354,492,70
0000.png,356,496,70
0000.png,346,501,70
0000.png,346,505,70
0000.png,333,510,70
0000.png,335,514,70
0000.png,326,519,70
0000.png,318,524,70
0000.png,308,529,70
0000.png,308,533,70
0000.png,296,538,70
0000.png,296,542,70
0000.png,287,547,70
0000.png,288,551,70
0000.png,275,556,70
0000.png,275,560,70
0000.png,265,565,70
0000.png,256,570,70
0000.png,256,574,70
0000.png,256,578,70
0000.png,244,583,70
0000.png,235,588,70
0000.png,238,592,70
0000.png,229,597,70
0000.png,217,602,70
0000.png,217,606,70
0000.png,205,611,70
0000.png,207,615,70
0000.png,198,620,70
0000.png,198,624,70
0000.png,185,629,70
0000.png,186,633,70
0000.png,177,638,70
0000.png,169,643,70
0000.png,159,648,70
0000.png,159,652,70
0000.png,159,656,70
0000.png,147,661,70
0000.png,138,666,70
0000.png,140,670,70
0000.png,127,675,70
0000.png,127,679,70
0000.png,116,684,70
0000.png,108,689,70
0000.png,111,693,70
0000.png,101,698,70
0000.png,101,702,70
0000.png,89,707,70
0000.png,87,713,70
0000.png,690,267,120
0000.png,692,273,120
0000.png,698,277,120
0000.png,707,281,120
0000.png,706,286,120
0000.png,715,290,120
0000.png,716,295,120
0000.png,724,299,120
0000.png,732,303,120
0000.png,730,308,120
0000.png,738,312,120
0000.png,746,316,120
0000.png,748,321,120
0000.png,756,325,120
0000.png,755,330,120
0000.png,764,334,120
0000.png,770,338,120
0000.png,769,343,120
0000.png,778,347,120
0000.png,779,352,120
0000.png,787,356,120
0000.png,796,360,120
0000.png,794,365,120
0000.png,801,369,120
0000.png,810,373,120
0000.png,809,378,120
0000.png,817,382,120
0000.png,824,386,120
0000.png,823,391,120
0000.png,831,395,120
0000.png,840,399,120
0000.png,841,404,120
0000.png,849,408,120
0000.png,849,413,120
0000.png,855,417,120
0000.png,864,421,120
0000.png,863,426,120
0000.png,872,430,120
0000.png,873,435,120
0000.png,881,439,120
0000.png,889,443,120
0000.png,896,447,120
0000.png,895,452,120
0000.png,903,456,120
0000.png,905,461,120
0000.png,913,465,120
0000.png,921,469,120
0000.png,921,474,120
0000.png,927,478,120
0000.png,935,482,120
0000.png,935,487,120
0000.png,945,491,120
0000.png,944,496,120
0000.png,953,500,120
0000.png,961,504,120
0000.png,958,509,120
0000.png,967,513,120
0000.png,975,517,120
0000.png,976,522,120
0000.png,985,526,120
0000.png,984,531,120
0000.png,991,535,120
0000.png,999,539,120
0000.png,998,544,120
0000.png,1006,548,120
0000.png,1008,553,120
0000.png,1016,557,120
0000.png,1025,561,120
0000.png,1022,566,120
0000.png,1030,570,120
0000.png,1039,574,120
0000.png,1038,579,120
0000.png,1048,583,120
0000.png,1048,588,120
0000.png,1056,592,120
0000.png,1062,596,120
0000.png,1062,601,120
0000.png,1070,605,120
0000.png,1078,609,120
0000.png,1080,614,120
0000.png,1088,618,120
0000.png,1087,623,120
0000.png,1094,627,120
0000.png,1102,631,120
0000.png,1101,636,120
0000.png,1110,640,120
0000.png,1118,644,120
0000.png,1124,648,120
0000.png,1124,653,120
0000.png,1132,657,120
0000.png,1133,662,120
0000.png,1142,666,120
0000.png,1141,671,120
0000.png,1148,675,120
0000.png,1156,679,120
0000.png,1164,683,120
0000.png,1163,688,120
0000.png,1174,692,120
0000.png,1173,697,120
0000.png,1178,703,120
0000.png,721,257,170
0000.png,721,261,170
0000.png,723,263,170
0000.png,742,264,170
0000.png,740,266,170
0000.png,738,268,170
0000.png,757,269,170
0000.png,754,271,170
0000.png,752,273,170
0000.png,771,274,170
0000.png,767,276,170
0000.png,786,277,170
0000.png,783,279,170
0000.png,780,281,170
0000.png,799,282,170
0000.png,798,284,170
0000.png,796,286,170
0000.png,815,287,170
0000.png,813,289,170
0000.png,831,290,170
0000.png,829,292,170
0000.png,826,294,170
0000.png,845,295,170
0000.png,842,297,170
0000.png,860,298,170
0000.png,858,300,170
0000.png,855,302,170
0000.png,874,303,170
0000.png,872,305,170
0000.png,871,307,170
0000.png,890,308,170
0000.png,887,310,170
0000.png,885,312,170
0000.png,903,313,170
0000.png,900,315,170
0000.png,918,316,170
0000.png,916,318,170
0000.png,914,320,170
0000.png,932,321,170
0000.png,930,323,170
0000.png,928,325,170
0000.png,947,326,170
0000.png,945,328,170
0000.png,943,330,170
0000.png,962,331,170
0000.png,959,333,170
0000.png,978,334,170
0000.png,974,336,170
0000.png,971,338,170
0000.png,990,339,170
0000.png,988,341,170
0000.png,1007,342,170
0000.png,1005,344,170
0000.png,1003,346,170
0000.png,1022,347,170
0000.png,1020,349,170
0000.png,1017,351,170
0000.png,1037,352,170
0000.png,1034,354,170
0000.png,1030,356,170
0000.png,1049,357,170
0000.png,1046,359,170
0000.png,1065,360,170
0000.png,1062,362,170
0000.png,1061,364,170
0000.png,1080,365,170
0000.png,1078,367,170
0000.png,1076,369,170
0000.png,1094,370,170
0000.png,1092,372,170
0000.png,1110,373,170
0000.png,1108,375,170
0000.png,1105,377,170
0000.png,1123,378,170
0000.png,1121,380,170
0000.png,1118,382,170
0000.png,1137,383,170
0000.png,1135,385,170
0000.png,1134,387,170
0000.png,1153,388,170
0000.png,1150,390,170
0000.png,1169,391,170
0000.png,1166,393,170
0000.png,1163,395,170
0000.png,1181,396,170
0000.png,1179,398,170
0000.png,1198,399,170
0000.png,1195,401,170
0000.png,1193,403,170
0000.png,1212,404,170
0000.png,1210,406,170
0000.png,1208,408,170
0000.png,1228,409,170
0000.png,1225,411,170
0000.png,1222,413,170
0000.png,1241,414,170
0000.png,1237,416,170
0000.png,1256,417,170
0000.png,1257,419,170
0000.png,1257,423,170
0001.png,556,257,20
0001.png,542,261,20
0001.png,560,262,20
0001.png,545,264,20
0001.png,526,266,20
0001.png,537,267,20
0001.png,517,269,20
0001.png,529,270,20
0001.png,509,272,20
0001.png,519,273,20
0001.png,498,275,20
0001.png,508,276,20
0001.png,487,278,20
0001.png,499,279,20
0001.png,478,281,20
0001.png,489,282,20
0001.png,468,284,20
0001.png,478,285,20
0001.png,457,287,20
0001.png,468,288,20
0001.png,448,290,20
0001.png,428,292,20
0001.png,438,293,20
0001.png,417,295,20
0001.png,427,296,20
0001.png,407,298,20
0001.png,418,299,20
0001.png,397,301,20
0001.png,408,302,20
0001.png,387,304,20
0001.png,397,305,20
0001.png,377,307,20
0001.png,387,308,20
0001.png,367,310,20
0001.png,378,311,20
0001.png,358,313,20
0001.png,369,314,20
0001.png,350,316,20
0001.png,362,317,20
0001.png,342,319,20
0001.png,322,321,20
0001.png,333,322,20
0001.png,312,324,20
0001.png,322,325,20
0001.png,302,327,20
0001.png,312,328,20
0001.png,292,330,20
0001.png,302,331,20
0001.png,282,333,20
0001.png,292,334,20
0001.png,272,336,20
0001.png,282,337,20
0001.png,262,339,20
0001.png,272,340,20
0001.png,252,342,20
0001.png,262,343,20
0001.png,242,345,20
0001.png,252,346,20
0001.png,231,348,20
0001.png,242,349,20
0001.png,222,351,20
0001.png,233,352,20
0001.png,214,354,20
0001.png,195,356,20
0001.png,206,357,20
0001.png,186,359,20
0001.png,197,360,20
0001.png,177,362,20
0001.png,187,363,20
0001.png,167,365,20
0001.png,177,366,20
0001.png,156,368,20
0001.png,167,369,20
0001.png,146,371,20
0001.png,157,372,20
0001.png,137,374,20
0001.png,147,375,20
0001.png,126,377,20
0001.png,136,378,20
0001.png,116,380,20
0001.png,126,381,20
0001.png,107,383,20
0001.png,86,385,20
0001.png,96,386,20
0001.png,75,388,20
0001.png,86,389,20
0001.png,65,391,20
0001.png,77,392,20
0001.png,56,394,20
0001.png,66,395,20
0001.png,45,397,20
0001.png,55,398,20
0001.png,35,400,20
0001.png,47,401,20
0001.png,27,403,20
0001.png,38,404,20
0001.png,19,406,20
0001.png,31,407,20
0001.png,22,409,20
0001.png,9,413,20
0001.png,622,247,70
0001.png,623,253,70
0001.png,616,258,70
0001.png,607,263,70
0001.png,597,268,70
0001.png,597,272,70
0001.png,586,277,70
0001.png,589,281,70
0001.png,582,286,70
0001.png,573,291,70
0001.png,575,295,70
0001.png,566,300,70
0001.png,558,305,70
0001.png,549,310,70
0001.png,552,314,70
0001.png,541,319,70
0001.png,531,324,70
0001.png,532,328,70
0001.png,523,333,70
0001.png,516,338,70
0001.png,519,342,70
0001.png,508,347,70
0001.png,499,352,70
0001.png,504,356,70
0001.png,495,361,70
0001.png,485,366,70
0001.png,486,370,70
0001.png,476,375,70
0001.png,467,380,70
0001.png,469,384,70
0001.png,461,389,70
0001.png,453,394,70
0001.png,454,398,70
0001.png,445,403,70
0001.png,438,408,70
0001.png,430,413,70
0001.png,430,417,70
0001.png,419,422,70
0001.png,420,426,70
0001.png,412,431,70
0001.png,404,436,70
0001.png,406,440,70
0001.png,398,445,70
0001.png,389,450,70
0001.png,380,455,70
0001.png,383,459,70
0001.png,375,464,70
0001.png,364,469,70
0001.png,365,473,70
0001.png,354,478,70
0001.png,357,482,70
0001.png,350,487,70
0001.png,341,492,70
0001.png,342,496,70
0001.png,332,501,70
0001.png,321,506,70
0001.png,324,510,70
0001.png,315,515,70
0001.png,307,520,70
0001.png,298,525,70
0001.png,300,529,70
0001.png,292,534,70
0001.png,284,539,70
0001.png,287,543,70
0001.png,276,548,70
0001.png,266,553,70
0001.png,266,557,70
0001.png,257,562,70
0001.png,250,567,70
0001.png,253,571,70
0001.png,243,576,70
0001.png,234,581,70
0001.png,237,585,70
0001.png,229,590,70
0001.png,220,595,70
0001.png,221,599,70
0001.png,210,604,70
0001.png,201,609,70
0001.png,203,613,70
0001.png,196,618,70
0001.png,188,623,70
0001.png,188,627,70
0001.png,179,632,70
0001.png,172,637,70
0001.png,164,642,70
0001.png,165,646,70
0001.png,154,651,70
0001.png,155,655,70
0001.png,147,660,70
0001.png,138,665,70
0001.png,141,669,70
0001.png,132,674,70
0001.png,123,679,70
0001.png,114,684,70
0001.png,118,688,70
0001.png,109,693,70
0001.png,99,698,70
0001.png,99,702,70
0001.png,88,707,70
0001.png,88,713,70
0001.png,665,237,120
0001.png,671,243,120
0001.png,673,248,120
0001.png,676,253,120
0001.png,687,257,120
0001.png,690,262,120
0001.png,692,267,120
0001.png,704,271,120
0001.png,706,276,120
0001.png,710,281,120
0001.png,711,286,120
0001.png,723,290,120
0001.png,725,295,120
0001.png,727,300,120
0001.png,737,304,120
0001.png,737,309,120
0001.png,748,313,120
0001.png,749,318,120
0001.png,753,323,120
0001.png,763,327,120
0001.png,767,332,120
0001.png,768,337,120
0001.png,781,341,120
0001.png,783,346,120
0001.png,786,351,120
0001.png,797,355,120
0001.png,799,360,120
0001.png,802,365,120
0001.png,812,369,120
0001.png,816,374,120
0001.png,817,379,120
0001.png,821,384,120
0001.png,832,388,120
0001.png,835,393,120
0001.png,837,398,120
0001.png,849,402,120
0001.png,851,407,120
0001.png,854,412,120
0001.png,856,417,120
0001.png,867,421,120
0001.png,866,426,120
0001.png,877,430,120
0001.png,878,435,120
0001.png,889,439,120
0001.png,892,444,120
0001.png,894,449,120
0001.png,898,454,120
0001.png,908,458,120
0001.png,912,463,120
0001.png,913,468,120
0001.png,926,472,120
0001.png,927,477,120
0001.png,931,482,120
0001.png,941,486,120
0001.png,945,491,120
0001.png,947,496,120
0001.png,950,501,120
0001.png,961,505,120
0001.png,963,510,120
0001.png,966,515,120
0001.png,976,519,120
0001.png,980,524,120
0001.png,982,529,120
0001.png,992,533,120
0001.png,992,538,120
0001.png,1002,542,120
0001.png,1004,547,120
0001.png,1007,552,120
0001.png,1018,556,120
0001.png,1022,561,120
0001.png,1023,566,120
0001.png,1035,570,120
0001.png,1037,575,120
0001.png,1040,580,120
0001.png,1051,584,120
0001.png,1053,589,120
0001.png,1056,594,120
0001.png,1058,599,120
0001.png,1071,603,120
0001.png,1072,608,120
0001.png,1076,613,120
0001.png,1086,617,120
0001.png,1090,622,120
0001.png,1091,627,120
0001.png,1095,632,120
0001.png,1106,636,120
0001.png,1109,641,120
0001.png,1111,646,120
0001.png,1121,650,120
0001.png,1122,655,120
0001.png,1131,659,120
0001.png,1133,664,120
0001.png,1144,668,120
0001.png,1147,673,120
0001.png,1149,678,120
0001.png,1152,683,120
0001.png,1163,687,120
0001.png,1166,692,120
0001.png,1168,697,120
0001.png,1175,703,120
0001.png,727,247,170
0001.png,739,250,170
0001.png,745,252,170
0001.png,742,254,170
0001.png,736,256,170
0001.png,754,257,170
0001.png,750,259,170
0001.png,767,260,170
0001.png,761,262,170
0001.png,778,263,170
0001.png,773,265,170
0001.png,790,266,170
0001.png,784,268,170
0001.png,801,269,170
0001.png,796,271,170
0001.png,813,272,170
0001.png,807,274,170
0001.png,824,275,170
0001.png,819,277,170
0001.png,836,278,170
0001.png,830,280,170
0001.png,847,281,170
0001.png,842,283,170
0001.png,836,285,170
0001.png,853,286,170
0001.png,848,288,170
0001.png,865,289,170
0001.png,859,291,170
0001.png,876,292,170
0001.png,871,294,170
0001.png,888,295,170
0001.png,882,297,170
0001.png,899,298,170
0001.png,894,300,170
0001.png,911,301,170
0001.png,906,303,170
0001.png,924,304,170
0001.png,919,306,170
0001.png,937,307,170
0001.png,932,309,170
0001.png,927,311,170
0001.png,944,312,170
0001.png,938,314,170
0001.png,955,315,170
0001.png,950,317,170
0001.png,967,318,170
0001.png,961,320,170
0001.png,978,321,170
0001.png,973,323,170
0001.png,990,324,170
0001.png,984,326,170
0001.png,1001,327,170
0001.png,996,329,170
0001.png,1013,330,170
0001.png,1007,332,170
0001.png,1024,333,170
0001.png,1019,335,170
0001.png,1036,336,170
0001.png,1030,338,170
0001.png,1047,339,170
0001.png,1042,341,170
0001.png,1059,342,170
0001.png,1055,344,170
0001.png,1050,346,170
0001.png,1068,347,170
0001.png,1063,349,170
0001.png,1080,350,170
0001.png,1075,352,170
0001.png,1092,353,170
0001.png,1086,355,170
0001.png,1103,356,170
0001.png,1098,358,170
0001.png,1115,359,170
0001.png,1109,361,170
0001.png,1126,362,170
0001.png,1121,364,170
0001.png,1138,365,170
0001.png,1132,367,170
0001.png,1149,368,170
0001.png,1144,370,170
0001.png,1160,371,170
0001.png,1155,373,170
0001.png,1150,375,170
0001.png,1167,376,170
0001.png,1161,378,170
0001.png,1178,379,170
0001.png,1173,381,170
0001.png,1190,382,170
0001.png,1184,384,170
0001.png,1201,385,170
0001.png,1196,387,170
0001.png,1213,388,170
0001.png,1207,390,170
0001.png,1224,391,170
0001.png,1220,393,170
0001.png,1238,394,170
0001.png,1232,396,170
0001.png,1229,398,170
0001.png,1250,399,170
0001.png,1248,403,170
0002.png,629,207,20
0002.png,621,214,20
0002.png,617,219,20
0002.png,614,224,20
0002.png,610,229,20
0002.png,607,234,20
0002.png,602,239,20
0002.png,592,244,20
0002.png,591,248,20
0002.png,579,252,20
0002.png,576,255,20
0002.png,571,258,20
0002.png,566,261,20
0002.png,565,264,20
0002.png,561,267,20
0002.png,558,270,20
0002.png,550,273,20
0002.png,543,276,20
0002.png,528,279,20
0002.png,527,281,20
0002.png,523,283,20
0002.png,513,285,20
0002.png,503,287,20
0002.png,492,289,20
0002.png,510,290,20
0002.png,500,292,20
0002.png,489,294,20
0002.png,480,296,20
0002.png,469,298,20
0002.png,459,300,20
0002.png,448,302,20
0002.png,466,303,20
0002.png,456,305,20
0002.png,445,307,20
0002.png,436,309,20
0002.png,426,311,20
0002.png,416,313,20
0002.png,408,315,20
0002.png,399,317,20
0002.png,390,319,20
0002.png,408,320,20
0002.png,398,322,20
0002.png,388,324,20
0002.png,378,326,20
0002.png,368,328,20
0002.png,357,330,20
0002.png,347,332,20
0002.png,365,333,20
0002.png,354,335,20
0002.png,344,337,20
0002.png,333,339,20
0002.png,324,341,20
0002.png,313,343,20
0002.png,302,345,20
0002.png,321,346,20
0002.png,310,348,20
0002.png,301,350,20
0002.png,291,352,20
0002.png,282,354,20
0002.png,274,356,20
0002.png,264,358,20
0002.png,255,360,20
0002.png,245,362,20
0002.png,264,363,20
0002.png,253,365,20
0002.png,242,367,20
0002.png,232,369,20
0002.png,222,371,20
0002.png,212,373,20
0002.png,201,375,20
0002.png,219,376,20
0002.png,209,378,20
0002.png,198,380,20
0002.png,188,382,20
0002.png,177,384,20
0002.png,168,386,20
0002.png,157,388,20
0002.png,175,389,20
0002.png,166,391,20
0002.png,156,393,20
0002.png,148,395,20
0002.png,139,397,20
0002.png,129,399,20
0002.png,120,401,20
0002.png,110,403,20
0002.png,100,405,20
0002.png,118,406,20
0002.png,108,408,20
0002.png,97,410,20
0002.png,86,412,20
0002.png,76,414,20
0002.png,66,416,20
0002.png,56,418,20
0002.png,73,419,20
0002.png,63,421,20
0002.png,53,423,20
0002.png,42,425,20
0002.png,33,427,20
0002.png,32,429,20
0002.png,27,433,20
0002.png,659,197,70
0002.png,660,205,70
0002.png,660,212,70
0002.png,656,219,70
0002.png,654,226,70
0002.png,649,233,70
0002.png,651,239,70
0002.png,646,245,70
0002.png,639,251,70
0002.png,634,257,70
0002.png,637,262,70
0002.png,629,268,70
0002.png,623,274,70
0002.png,626,279,70
0002.png,620,284,70
0002.png,612,289,70
0002.png,605,294,70
0002.png,599,299,70
0002.png,592,304,70
0002.png,595,308,70
0002.png,588,313,70
0002.png,583,318,70
0002.png,578,323,70
0002.png,573,328,70
0002.png,566,333,70
0002.png,558,338,70
0002.png,551,343,70
0002.png,546,348,70
0002.png,539,353,70
0002.png,530,358,70
0002.png,523,363,70
0002.png,518,368,70
0002.png,522,372,70
0002.png,513,377,70
0002.png,506,382,70
0002.png,501,387,70
0002.png,496,392,70
0002.png,491,397,70
0002.png,484,402,70
0002.png,475,407,70
0002.png,468,412,70
0002.png,463,417,70
0002.png,456,422,70
0002.png,459,426,70
0002.png,452,431,70
0002.png,446,436,70
0002.png,441,441,70
0002.png,436,446,70
0002.png,429,451,70
0002.png,421,456,70
0002.png,415,461,70
0002.png,409,466,70
0002.png,402,471,70
0002.png,394,476,70
0002.png,399,480,70
0002.png,392,485,70
0002.png,385,490,70
0002.png,378,495,70
0002.png,371,500,70
0002.png,364,505,70
0002.png,359,510,70
0002.png,354,515,70
0002.png,347,520,70
0002.png,340,525,70
0002.png,333,530,70
0002.png,337,534,70
0002.png,331,539,70
0002.png,324,544,70
0002.png,316,549,70
0002.png,309,554,70
0002.png,304,559,70
0002.png,299,564,70
0002.png,293,569,70
0002.png,286,574,70
0002.png,278,579,70
0002.png,272,584,70
0002.png,266,589,70
0002.png,259,594,70
0002.png,262,598,70
0002.png,255,603,70
0002.png,250,608,70
0002.png,243,613,70
0002.png,234,618,70
0002.png,227,623,70
0002.png,222,628,70
0002.png,217,633,70
0002.png,212,638,70
0002.png,205,643,70
0002.png,207,647,70
0002.png,200,652,70
0002.png,195,657,70
0002.png,188,662,70
0002.png,179,667,70
0002.png,172,672,70
0002.png,167,677,70
0002.png,162,682,70
0002.png,157,687,70
0002.png,150,692,70
0002.png,153,696,70
0002.png,143,703,70
0002.png,674,197,120
0002.png,673,205,120
0002.png,681,211,120
0002.png,682,218,120
0002.png,683,225,120
0002.png,682,232,120
0002.png,692,237,120
0002.png,694,243,120
0002.png,696,249,120
0002.png,698,255,120
0002.png,708,260,120
0002.png,710,266,120
0002.png,712,272,120
0002.png,714,278,120
0002.png,723,283,120
0002.png,724,289,120
0002.png,729,294,120
0002.png,741,298,120
0002.png,746,303,120
0002.png,751,308,120
0002.png,757,313,120
0002.png,762,318,120
0002.png,767,323,120
0002.png,770,328,120
0002.png,775,333,120
0002.png,780,338,120
0002.png,785,343,120
0002.png,797,347,120
0002.png,802,352,120
0002.png,807,357,120
0002.png,814,362,120
0002.png,819,367,120
0002.png,824,372,120
0002.png,827,377,120
0002.png,832,382,120
0002.png,837,387,120
0002.png,842,392,120
0002.png,845,397,120
0002.png,859,401,120
0002.png,864,406,120
0002.png,870,411,120
0002.png,875,416,120
0002.png,880,421,120
0002.png,883,426,120
0002.png,888,431,120
0002.png,893,436,120
0002.png,900,441,120
0002.png,905,446,120
0002.png,910,451,120
0002.png,913,456,120
0002.png,918,461,120
0002.png,923,466,120
0002.png,937,470,120
0002.png,941,475,120
0002.png,945,480,120
0002.png,950,485,120
0002.png,956,490,120
0002.png,962,495,120
0002.png,967,500,120
0002.png,971,505,120
0002.png,974,510,120
0002.png,979,515,120
0002.png,993,519,120
0002.png,998,524,120
0002.png,1001,529,120
0002.png,1006,534,120
0002.png,1011,539,120
0002.png,1018,544,120
0002.png,1023,549,120
0002.png,1028,554,120
0002.png,1031,559,120
0002.png,1036,564,120
0002.png,1041,569,120
0002.png,1048,574,120
0002.png,1053,579,120
0002.png,1058,584,120
0002.png,1070,588,120
0002.png,1075,593,120
0002.png,1080,598,120
0002.png,1085,603,120
0002.png,1087,608,120
0002.png,1092,613,120
0002.png,1097,618,120
0002.png,1104,623,120
0002.png,1109,628,120
0002.png,1114,633,120
0002.png,1126,637,120
0002.png,1131,642,120
0002.png,1136,647,120
0002.png,1141,652,120
0002.png,1144,657,120
0002.png,1149,662,120
0002.png,1154,667,120
0002.png,1161,672,120
0002.png,1166,677,120
0002.png,1171,682,120
0002.png,1183,686,120
0002.png,1188,691,120
0002.png,1193,696,120
0002.png,1194,703,120
0002.png,697,197,170
0002.png,699,202,170
0002.png,703,205,170
0002.png,707,208,170
0002.png,724,210,170
0002.png,728,213,170
0002.png,732,216,170
0002.png,736,219,170
0002.png,740,222,170
0002.png,744,225,170
0002.png,747,228,170
0002.png,753,231,170
0002.png,759,234,170
0002.png,766,237,170
0002.png,772,240,170
0002.png,778,243,170
0002.png,785,246,170
0002.png,791,249,170
0002.png,797,252,170
0002.png,801,255,170
0002.png,805,258,170
0002.png,811,261,170
0002.png,818,264,170
0002.png,812,268,170
0002.png,819,271,170
0002.png,825,274,170
0002.png,832,277,170
0002.png,838,280,170
0002.png,841,283,170
0002.png,845,286,170
0002.png,861,288,170
0002.png,855,291,170
0002.png,859,293,170
0002.png,882,294,170
0002.png,883,296,170
0002.png,884,298,170
0002.png,885,300,170
0002.png,886,302,170
0002.png,908,303,170
0002.png,909,305,170
0002.png,910,307,170
0002.png,911,309,170
0002.png,932,310,170
0002.png,933,312,170
0002.png,934,314,170
0002.png,933,316,170
0002.png,955,317,170
0002.png,955,319,170
0002.png,955,321,170
0002.png,956,323,170
0002.png,978,324,170
0002.png,979,326,170
0002.png,980,328,170
0002.png,981,330,170
0002.png,1003,331,170
0002.png,1005,333,170
0002.png,1006,335,170
0002.png,1007,337,170
0002.png,1029,338,170
0002.png,1029,340,170
0002.png,1030,342,170
0002.png,1030,344,170
0002.png,1051,345,170
0002.png,1051,347,170
0002.png,1051,349,170
0002.png,1051,351,170
0002.png,1074,352,170
0002.png,1075,354,170
0002.png,1076,356,170
0002.png,1077,358,170
0002.png,1099,359,170
0002.png,1100,361,170
0002.png,1101,363,170
0002.png,1102,365,170
0002.png,1103,367,170
0002.png,1125,368,170
0002.png,1126,370,170
0002.png,1128,372,170
0002.png,1129,374,170
0002.png,1151,375,170
0002.png,1152,377,170
0002.png,1153,379,170
0002.png,1153,381,170
0002.png,1175,382,170
0002.png,1175,384,170
0002.png,1174,386,170
0002.png,1174,388,170
0002.png,1196,389,170
0002.png,1197,391,170
0002.png,1198,393,170
0002.png,1199,395,170
0002.png,1221,396,170
0002.png,1222,398,170
0002.png,1223,400,170
0002.png,1224,402,170
0002.png,1246,403,170
0002.png,1247,405,170
0002.png,1248,407,170
0002.png,1253,409,170
0002.png,1257,413,170
0003.png,551,237,20
0003.png,552,241,20
0003.png,541,244,20
0003.png,542,246,20
0003.png,527,249,20
0003.png,529,251,20
0003.png,531,253,20
0003.png,517,256,20
0003.png,521,258,20
0003.png,504,261,20
0003.png,508,263,20
0003.png,494,266,20
0003.png,496,268,20
0003.png,478,271,20
0003.png,479,273,20
0003.png,478,275,20
0003.png,478,277,20
0003.png,475,279,20
0003.png,448,282,20
0003.png,464,283,20
0003.png,454,285,20
0003.png,445,287,20
0003.png,437,289,20
0003.png,428,291,20
0003.png,420,293,20
0003.png,411,295,20
0003.png,425,296,20
0003.png,417,298,20
0003.png,409,300,20
0003.png,400,302,20
0003.png,392,304,20
0003.png,382,306,20
0003.png,373,308,20
0003.png,389,309,20
0003.png,380,311,20
0003.png,372,313,20
0003.png,363,315,20
0003.png,353,317,20
0003.png,345,319,20
0003.png,337,321,20
0003.png,352,322,20
0003.png,344,324,20
0003.png,334,326,20
0003.png,323,328,20
0003.png,313,330,20
0003.png,303,332,20
0003.png,317,333,20
0003.png,306,335,20
0003.png,295,337,20
0003.png,284,339,20
0003.png,299,340,20
0003.png,288,342,20
0003.png,278,344,20
0003.png,268,346,20
0003.png,259,348,20
0003.png,251,350,20
0003.png,267,351,20
0003.png,258,353,20
0003.png,249,355,20
0003.png,240,357,20
0003.png,231,359,20
0003.png,223,361,20
0003.png,215,363,20
0003.png,230,364,20
0003.png,220,366,20
0003.png,212,368,20
0003.png,203,370,20
0003.png,195,372,20
0003.png,186,374,20
0003.png,176,376,20
0003.png,192,377,20
0003.png,183,379,20
0003.png,175,381,20
0003.png,167,383,20
0003.png,157,385,20
0003.png,148,387,20
0003.png,140,389,20
0003.png,131,391,20
0003.png,147,392,20
0003.png,139,394,20
0003.png,128,396,20
0003.png,118,398,20
0003.png,108,400,20
0003.png,122,401,20
0003.png,112,403,20
0003.png,100,405,20
0003.png,89,407,20
0003.png,79,409,20
0003.png,93,410,20
0003.png,83,412,20
0003.png,73,414,20
0003.png,62,416,20
0003.png,54,418,20
0003.png,46,420,20
0003.png,61,421,20
0003.png,53,423,20
0003.png,44,425,20
0003.png,34,427,20
0003.png,33,429,20
0003.png,28,433,20
0003.png,618,237,70
0003.png,614,244,70
0003.png,618,249,70
0003.png,612,255,70
0003.png,607,261,70
0003.png,602,267,70
0003.png,601,272,70
0003.png,597,277,70
0003.png,592,282,70
0003.png,594,286,70
0003.png,587,291,70
0003.png,579,296,70
0003.png,572,301,70
0003.png,575,305,70
0003.png,567,310,70
0003.png,560,315,70
0003.png,563,319,70
0003.png,555,324,70
0003.png,548,329,70
0003.png,541,334,70
0003.png,543,338,70
0003.png,536,343,70
0003.png,528,348,70
0003.png,531,352,70
0003.png,524,357,70
0003.png,516,362,70
0003.png,509,367,70
0003.png,512,371,70
0003.png,504,376,70
0003.png,497,381,70
0003.png,490,386,70
0003.png,492,390,70
0003.png,485,395,70
0003.png,478,400,70
0003.png,480,404,70
0003.png,473,409,70
0003.png,465,414,70
0003.png,458,419,70
0003.png,461,423,70
0003.png,453,428,70
0003.png,446,433,70
0003.png,439,438,70
0003.png,441,442,70
0003.png,434,447,70
0003.png,426,452,70
0003.png,429,456,70
0003.png,422,461,70
0003.png,414,466,70
0003.png,407,471,70
0003.png,410,475,70
0003.png,402,480,70
0003.png,395,485,70
0003.png,388,490,70
0003.png,390,494,70
0003.png,383,499,70
0003.png,376,504,70
0003.png,378,508,70
0003.png,371,513,70
0003.png,363,518,70
0003.png,356,523,70
0003.png,359,527,70
0003.png,351,532,70
0003.png,344,537,70
0003.png,337,542,70
0003.png,339,546,70
0003.png,332,551,70
0003.png,325,556,70
0003.png,327,560,70
0003.png,320,565,70
0003.png,312,570,70
0003.png,305,575,70
0003.png,308,579,70
0003.png,300,584,70
0003.png,293,589,70
0003.png,296,593,70
0003.png,288,598,70
0003.png,281,603,70
0003.png,273,608,70
0003.png,276,612,70
0003.png,269,617,70
0003.png,261,622,70
0003.png,264,626,70
0003.png,257,631,70
0003.png,249,636,70
0003.png,242,641,70
0003.png,245,645,70
0003.png,237,650,70
0003.png,230,655,70
0003.png,222,660,70
0003.png,225,664,70
0003.png,218,669,70
0003.png,210,674,70
0003.png,213,678,70
0003.png,206,683,70
0003.png,198,688,70
0003.png,191,693,70
0003.png,194,697,70
0003.png,186,702,70
0003.png,179,707,70
0003.png,178,713,70
0003.png,704,257,120
0003.png,711,263,120
0003.png,713,268,120
0003.png,715,273,120
0003.png,724,277,120
0003.png,726,282,120
0003.png,738,286,120
0003.png,740,291,120
0003.png,740,296,120
0003.png,750,300,120
0003.png,760,304,120
0003.png,761,309,120
0003.png,763,314,120
0003.png,774,318,120
0003.png,776,323,120
0003.png,785,327,120
0003.png,788,332,120
0003.png,790,337,120
0003.png,801,341,120
0003.png,801,346,120
0003.png,811,350,120
0003.png,812,355,120
0003.png,822,359,120
0003.png,824,364,120
0003.png,826,369,120
0003.png,837,373,120
0003.png,837,378,120
0003.png,849,382,120
0003.png,851,387,120
0003.png,853,392,120
0003.png,862,396,120
0003.png,862,401,120
0003.png,873,405,120
0003.png,874,410,120
0003.png,885,414,120
0003.png,887,419,120
0003.png,889,424,120
0003.png,899,428,120
0003.png,901,433,120
0003.png,912,437,120
0003.png,914,442,120
0003.png,923,446,120
0003.png,924,451,120
0003.png,934,455,120
0003.png,935,460,120
0003.png,937,465,120
0003.png,948,469,120
0003.png,951,474,120
0003.png,960,478,120
0003.png,962,483,120
0003.png,964,488,120
0003.png,975,492,120
0003.png,975,497,120
0003.png,985,501,120
0003.png,985,506,120
0003.png,996,510,120
0003.png,998,515,120
0003.png,1009,519,120
0003.png,1012,524,120
0003.png,1012,529,120
0003.png,1023,533,120
0003.png,1025,538,120
0003.png,1027,543,120
0003.png,1037,547,120
0003.png,1046,551,120
0003.png,1046,556,120
0003.png,1048,561,120
0003.png,1059,565,120
0003.png,1062,570,120
0003.png,1073,574,120
0003.png,1073,579,120
0003.png,1075,584,120
0003.png,1086,588,120
0003.png,1089,593,120
0003.png,1098,597,120
0003.png,1098,602,120
0003.png,1107,606,120
0003.png,1109,611,120
0003.png,1120,615,120
0003.png,1123,620,120
0003.png,1124,625,120
0003.png,1134,629,120
0003.png,1136,634,120
0003.png,1138,639,120
0003.png,1150,643,120
0003.png,1150,648,120
0003.png,1159,652,120
0003.png,1168,656,120
0003.png,1170,661,120
0003.png,1173,666,120
0003.png,1184,670,120
0003.png,1185,675,120
0003.png,1186,680,120
0003.png,1197,684,120
0003.png,1200,689,120
0003.png,1202,694,120
0003.png,1211,698,120
0003.png,1220,702,120
0003.png,1220,707,120
0003.png,1226,713,120
0003.png,870,277,170
0003.png,874,280,170
0003.png,873,282,170
0003.png,883,283,170
0003.png,893,284,170
0003.png,883,286,170
0003.png,892,287,170
0003.png,903,288,170
0003.png,895,290,170
0003.png,905,291,170
0003.png,916,292,170
0003.png,908,294,170
0003.png,918,295,170
0003.png,910,297,170
0003.png,921,298,170
0003.png,931,299,170
0003.png,923,301,170
0003.png,933,302,170
0003.png,944,303,170
0003.png,934,305,170
0003.png,943,306,170
0003.png,953,307,170
0003.png,945,309,170
0003.png,955,310,170
0003.png,966,311,170
0003.png,958,313,170
0003.png,968,314,170
0003.png,979,315,170
0003.png,971,317,170
0003.png,981,318,170
0003.png,992,319,170
0003.png,984,321,170
0003.png,994,322,170
0003.png,1005,323,170
0003.png,994,325,170
0003.png,1004,326,170
0003.png,1014,327,170
0003.png,1023,328,170
0003.png,1013,330,170
0003.png,1023,331,170
0003.png,1032,332,170
0003.png,1022,334,170
0003.png,1032,335,170
0003.png,1041,336,170
0003.png,1032,338,170
0003.png,1043,339,170
0003.png,1053,340,170
0003.png,1045,342,170
0003.png,1056,343,170
0003.png,1066,344,170
0003.png,1058,346,170
0003.png,1068,347,170
0003.png,1079,348,170
0003.png,1071,350,170
0003.png,1081,351,170
0003.png,1092,352,170
0003.png,1083,354,170
0003.png,1092,355,170
0003.png,1102,356,170
0003.png,1092,358,170
0003.png,1101,359,170
0003.png,1111,360,170
0003.png,1121,361,170
0003.png,1110,363,170
0003.png,1120,364,170
0003.png,1130,365,170
0003.png,1119,367,170
0003.png,1130,368,170
0003.png,1140,369,170
0003.png,1132,371,170
0003.png,1143,372,170
0003.png,1153,373,170
0003.png,1145,375,170
0003.png,1156,376,170
0003.png,1166,377,170
0003.png,1158,379,170
0003.png,1169,380,170
0003.png,1179,381,170
0003.png,1171,383,170
0003.png,1181,384,170
0003.png,1190,385,170
0003.png,1180,387,170
0003.png,1191,388,170
0003.png,1201,389,170
0003.png,1193,391,170
0003.png,1203,392,170
0003.png,1214,393,170
0003.png,1206,395,170
0003.png,1216,396,170
0003.png,1227,397,170
0003.png,1219,399,170
0003.png,1229,400,170
0003.png,1221,402,170
0003.png,1232,403,170
0003.png,1241,404,170
0003.png,1251,405,170
0003.png,1241,407,170
0003.png,1251,408,170
0003.png,1250,410,170
0003.png,1255,413,170
0003.png,890,257,220
0003.png,900,259,220
0003.png,889,261,220
0003.png,890,262,220
0003.png,918,262,220
0003.png,915,263,220
0003.png,909,264,220
0003.png,904,265,220
0003.png,932,265,220
0003.png,927,266,220
0003.png,921,267,220
0003.png,916,268,220
0003.png,944,268,220
0003.png,939,269,220
0003.png,933,270,220
0003.png,961,270,220
0003.png,956,271,220
0003.png,950,272,220
0003.png,944,273,220
0003.png,972,273,220
0003.png,966,274,220
0003.png,960,275,220
0003.png,988,275,220
0003.png,982,276,220
0003.png,976,277,220
0003.png,970,278,220
0003.png,998,278,220
0003.png,992,279,220
0003.png,986,280,220
0003.png,1014,280,220
0003.png,1008,281,220
0003.png,1002,282,220
0003.png,996,283,220
0003.png,1024,283,220
0003.png,1018,284,220
0003.png,1012,285,220
0003.png,1040,285,220
0003.png,1034,286,220
0003.png,1028,287,220
0003.png,1022,288,220
0003.png,1050,288,220
0003.png,1044,289,220
0003.png,1038,290,220
0003.png,1066,290,220
0003.png,1060,291,220
0003.png,1054,292,220
0003.png,1048,293,220
0003.png,1076,293,220
0003.png,1070,294,220
0003.png,1064,295,220
0003.png,1091,295,220
0003.png,1085,296,220
0003.png,1079,297,220
0003.png,1107,297,220
0003.png,1101,298,220
0003.png,1095,299,220
0003.png,1090,300,220
0003.png,1118,300,220
0003.png,1112,301,220
0003.png,1107,302,220
0003.png,1102,303,220
0003.png,1130,303,220
0003.png,1124,304,220
0003.png,1119,305,220
0003.png,1147,305,220
0003.png,1142,306,220
0003.png,1136,307,220
0003.png,1131,308,220
0003.png,1159,308,220
0003.png,1154,309,220
0003.png,1148,310,220
0003.png,1176,310,220
0003.png,1171,311,220
0003.png,1165,312,220
0003.png,1159,313,220
0003.png,1187,313,220
0003.png,1181,314,220
0003.png,1175,315,220
0003.png,1203,315,220
0003.png,1197,316,220
0003.png,1191,317,220
0003.png,1185,318,220
0003.png,1213,318,220
0003.png,1207,319,220
0003.png,1201,320,220
0003.png,1229,320,220
0003.png,1223,321,220
0003.png,1217,322,220
0003.png,1211,323,220
0003.png,1239,323,220
0003.png,1233,324,220
0003.png,1227,325,220
0003.png,1255,325,220
0003.png,1249,326,220
0003.png,1243,327,220
0003.png,1239,328,220
0003.png,1267,328,220
0003.png,1267,329,220
0003.png,1255,331,220
0003.png,1266,333,220
0004.png,475,267,20
0004.png,465,271,20
0004.png,459,273,20
0004.png,470,274,20
0004.png,455,276,20
0004.png,466,277,20
0004.png,453,279,20
0004.png,440,281,20
0004.png,451,282,20
0004.png,438,284,20
0004.png,423,286,20
0004.png,434,287,20
0004.png,421,289,20
0004.png,408,291,20
0004.png,419,292,20
0004.png,407,294,20
0004.png,392,296,20
0004.png,403,297,20
0004.png,390,299,20
0004.png,377,301,20
0004.png,388,302,20
0004.png,375,304,20
0004.png,385,305,20
0004.png,371,307,20
0004.png,358,309,20
0004.png,369,310,20
0004.png,356,312,20
0004.png,343,314,20
0004.png,353,315,20
0004.png,339,317,20
0004.png,324,319,20
0004.png,334,320,20
0004.png,319,322,20
0004.png,329,323,20
0004.png,313,325,20
0004.png,322,326,20
0004.png,307,328,20
0004.png,292,330,20
0004.png,302,331,20
0004.png,287,333,20
0004.png,297,334,20
0004.png,282,336,20
0004.png,269,338,20
0004.png,281,339,20
0004.png,268,341,20
0004.png,255,343,20
0004.png,266,344,20
0004.png,251,346,20
0004.png,262,347,20
0004.png,249,349,20
0004.png,236,351,20
0004.png,247,352,20
0004.png,234,354,20
0004.png,219,356,20
0004.png,230,357,20
0004.png,217,359,20
0004.png,204,361,20
0004.png,216,362,20
0004.png,203,364,20
0004.png,188,366,20
0004.png,199,367,20
0004.png,186,369,20
0004.png,173,371,20
0004.png,184,372,20
0004.png,171,374,20
0004.png,181,375,20
0004.png,167,377,20
0004.png,154,379,20
0004.png,165,380,20
0004.png,152,382,20
0004.png,139,384,20
0004.png,150,385,20
0004.png,135,387,20
0004.png,120,389,20
0004.png,130,390,20
0004.png,115,392,20
0004.png,125,393,20
0004.png,109,395,20
0004.png,118,396,20
0004.png,103,398,20
0004.png,88,400,20
0004.png,98,401,20
0004.png,83,403,20
0004.png,93,404,20
0004.png,78,406,20
0004.png,66,408,20
0004.png,77,409,20
0004.png,64,411,20
0004.png,51,413,20
0004.png,62,414,20
0004.png,47,416,20
0004.png,58,417,20
0004.png,45,419,20
0004.png,32,421,20
0004.png,43,422,20
0004.png,30,424,20
0004.png,15,426,20
0004.png,26,427,20
0004.png,20,429,20
0004.png,11,433,20
0004.png,613,257,70
0004.png,611,263,70
0004.png,603,268,70
0004.png,604,272,70
0004.png,591,277,70
0004.png,590,281,70
0004.png,583,286,70
0004.png,585,290,70
0004.png,577,295,70
0004.png,570,300,70
0004.png,568,304,70
0004.png,567,308,70
0004.png,557,313,70
0004.png,549,318,70
0004.png,552,322,70
0004.png,544,327,70
0004.png,536,332,70
0004.png,539,336,70
0004.png,530,341,70
0004.png,529,345,70
0004.png,516,350,70
0004.png,518,354,70
0004.png,511,359,70
0004.png,503,364,70
0004.png,505,368,70
0004.png,495,373,70
0004.png,493,377,70
0004.png,483,382,70
0004.png,485,386,70
0004.png,477,391,70
0004.png,470,396,70
0004.png,472,400,70
0004.png,464,405,70
0004.png,457,410,70
0004.png,455,414,70
0004.png,454,418,70
0004.png,444,423,70
0004.png,436,428,70
0004.png,439,432,70
0004.png,431,437,70
0004.png,421,442,70
0004.png,420,446,70
0004.png,418,450,70
0004.png,411,455,70
0004.png,403,460,70
0004.png,405,464,70
0004.png,398,469,70
0004.png,390,474,70
0004.png,392,478,70
0004.png,382,483,70
0004.png,380,487,70
0004.png,370,492,70
0004.png,372,496,70
0004.png,364,501,70
0004.png,357,506,70
0004.png,359,510,70
0004.png,346,515,70
0004.png,345,519,70
0004.png,346,523,70
0004.png,339,528,70
0004.png,331,533,70
0004.png,323,538,70
0004.png,326,542,70
0004.png,318,547,70
0004.png,308,552,70
0004.png,307,556,70
0004.png,305,560,70
0004.png,298,565,70
0004.png,290,570,70
0004.png,292,574,70
0004.png,285,579,70
0004.png,284,583,70
0004.png,271,588,70
0004.png,272,592,70
0004.png,264,597,70
0004.png,257,602,70
0004.png,259,606,70
0004.png,251,611,70
0004.png,244,616,70
0004.png,246,620,70
0004.png,233,625,70
0004.png,232,629,70
0004.png,233,633,70
0004.png,226,638,70
0004.png,218,643,70
0004.png,210,648,70
0004.png,211,652,70
0004.png,209,656,70
0004.png,197,661,70
0004.png,200,665,70
0004.png,192,670,70
0004.png,185,675,70
0004.png,177,680,70
0004.png,175,684,70
0004.png,174,688,70
0004.png,164,693,70
0004.png,166,697,70
0004.png,159,702,70
0004.png,151,707,70
0004.png,150,713,70
0004.png,713,267,120
0004.png,717,273,120
0004.png,726,277,120
0004.png,725,282,120
0004.png,734,286,120
0004.png,733,291,120
0004.png,743,295,120
0004.png,752,299,120
0004.png,752,304,120
0004.png,760,308,120
0004.png,767,312,120
0004.png,773,316,120
0004.png,770,321,120
0004.png,778,325,120
0004.png,788,329,120
0004.png,787,334,120
0004.png,796,338,120
0004.png,804,342,120
0004.png,804,347,120
0004.png,812,351,120
0004.png,812,356,120
0004.png,821,360,120
0004.png,831,364,120
0004.png,830,369,120
0004.png,839,373,120
0004.png,847,377,120
0004.png,847,382,120
0004.png,855,386,120
0004.png,855,391,120
0004.png,864,395,120
0004.png,874,399,120
0004.png,873,404,120
0004.png,882,408,120
0004.png,881,413,120
0004.png,890,417,120
0004.png,898,421,120
0004.png,898,426,120
0004.png,907,430,120
0004.png,907,435,120
0004.png,916,439,120
0004.png,925,443,120
0004.png,924,448,120
0004.png,933,452,120
0004.png,941,456,120
0004.png,941,461,120
0004.png,950,465,120
0004.png,950,470,120
0004.png,959,474,120
0004.png,968,478,120
0004.png,967,483,120
0004.png,976,487,120
0004.png,984,491,120
0004.png,984,496,120
0004.png,993,500,120
0004.png,993,505,120
0004.png,1002,509,120
0004.png,1002,514,120
0004.png,1010,518,120
0004.png,1019,522,120
0004.png,1018,527,120
0004.png,1027,531,120
0004.png,1036,535,120
0004.png,1036,540,120
0004.png,1045,544,120
0004.png,1045,549,120
0004.png,1053,553,120
0004.png,1062,557,120
0004.png,1069,561,120
0004.png,1066,566,120
0004.png,1072,570,120
0004.png,1081,574,120
0004.png,1089,578,120
0004.png,1089,583,120
0004.png,1097,587,120
0004.png,1097,592,120
0004.png,1105,596,120
0004.png,1115,600,120
0004.png,1114,605,120
0004.png,1124,609,120
0004.png,1123,614,120
0004.png,1132,618,120
0004.png,1140,622,120
0004.png,1140,627,120
0004.png,1148,631,120
0004.png,1158,635,120
0004.png,1157,640,120
0004.png,1167,644,120
0004.png,1166,649,120
0004.png,1175,653,120
0004.png,1183,657,120
0004.png,1183,662,120
0004.png,1191,666,120
0004.png,1191,671,120
0004.png,1200,675,120
0004.png,1210,679,120
0004.png,1209,684,120
0004.png,1218,688,120
0004.png,1226,692,120
0004.png,1226,697,120
0004.png,1231,703,120
0004.png,907,267,170
0004.png,919,269,170
0004.png,911,271,170
0004.png,914,272,170
0004.png,914,273,170
0004.png,912,274,170
0004.png,939,274,170
0004.png,937,275,170
0004.png,935,276,170
0004.png,933,277,170
0004.png,932,278,170
0004.png,959,278,170
0004.png,957,279,170
0004.png,956,280,170
0004.png,954,281,170
0004.png,953,282,170
0004.png,952,283,170
0004.png,979,283,170
0004.png,978,284,170
0004.png,977,285,170
0004.png,976,286,170
0004.png,975,287,170
0004.png,974,288,170
0004.png,1001,288,170
0004.png,1000,289,170
0004.png,998,290,170
0004.png,997,291,170
0004.png,995,292,170
0004.png,1022,292,170
0004.png,1021,293,170
0004.png,1019,294,170
0004.png,1017,295,170
0004.png,1015,296,170
0004.png,1042,296,170
0004.png,1040,297,170
0004.png,1039,298,170
0004.png,1037,299,170
0004.png,1036,300,170
0004.png,1034,301,170
0004.png,1061,301,170
0004.png,1060,302,170
0004.png,1059,303,170
0004.png,1058,304,170
0004.png,1057,305,170
0004.png,1056,306,170
0004.png,1083,306,170
0004.png,1082,307,170
0004.png,1081,308,170
0004.png,1080,309,170
0004.png,1078,310,170
0004.png,1078,311,170
0004.png,1105,311,170
0004.png,1103,312,170
0004.png,1102,313,170
0004.png,1100,314,170
0004.png,1098,315,170
0004.png,1125,315,170
0004.png,1123,316,170
0004.png,1121,317,170
0004.png,1120,318,170
0004.png,1118,319,170
0004.png,1145,319,170
0004.png,1143,320,170
0004.png,1141,321,170
0004.png,1139,322,170
0004.png,1138,323,170
0004.png,1165,323,170
0004.png,1163,324,170
0004.png,1161,325,170
0004.png,1159,326,170
0004.png,1157,327,170
0004.png,1156,328,170
0004.png,1183,328,170
0004.png,1181,329,170
0004.png,1180,330,170
0004.png,1178,331,170
0004.png,1177,332,170
0004.png,1204,332,170
0004.png,1203,333,170
0004.png,1202,334,170
0004.png,1201,335,170
0004.png,1200,336,170
0004.png,1199,337,170
0004.png,1226,337,170
0004.png,1225,338,170
0004.png,1224,339,170
0004.png,1222,340,170
0004.png,1221,341,170
0004.png,1219,342,170
0004.png,1246,342,170
0004.png,1245,343,170
0004.png,1243,344,170
0004.png,1241,345,170
0004.png,1239,346,170
0004.png,1266,346,170
0004.png,1264,347,170
0004.png,1264,348,170
0004.png,1267,349,170
0004.png,1275,350,170
0004.png,1272,353,170
0005.png,533,277,20
0005.png,522,280,20
0005.png,532,281,20
0005.png,538,282,20
0005.png,537,283,20
0005.png,532,284,20
0005.png,526,285,20
0005.png,519,286,20
0005.png,514,287,20
0005.png,509,288,20
0005.png,468,290,20
0005.png,471,291,20
0005.png,475,292,20
0005.png,480,293,20
0005.png,459,295,20
0005.png,468,296,20
0005.png,448,298,20
0005.png,458,299,20
0005.png,441,301,20
0005.png,425,303,20
0005.png,437,304,20
0005.png,425,306,20
0005.png,410,308,20
0005.png,422,309,20
0005.png,408,311,20
0005.png,392,313,20
0005.png,403,314,20
0005.png,389,316,20
0005.png,400,317,20
0005.png,385,319,20
0005.png,370,321,20
0005.png,382,322,20
0005.png,368,324,20
0005.png,355,326,20
0005.png,368,327,20
0005.png,353,329,20
0005.png,340,331,20
0005.png,326,333,20
0005.png,338,334,20
0005.png,325,336,20
0005.png,311,338,20
0005.png,323,339,20
0005.png,311,341,20
0005.png,296,343,20
0005.png,308,344,20
0005.png,296,346,20
0005.png,281,348,20
0005.png,294,349,20
0005.png,281,351,20
0005.png,266,353,20
0005.png,279,354,20
0005.png,266,356,20
0005.png,251,358,20
0005.png,264,359,20
0005.png,249,361,20
0005.png,234,363,20
0005.png,245,364,20
0005.png,230,366,20
0005.png,214,368,20
0005.png,225,369,20
0005.png,208,371,20
0005.png,219,372,20
0005.png,200,374,20
0005.png,211,375,20
0005.png,192,377,20
0005.png,202,378,20
0005.png,184,380,20
0005.png,165,382,20
0005.png,176,383,20
0005.png,157,385,20
0005.png,167,386,20
0005.png,148,388,20
0005.png,158,389,20
0005.png,139,391,20
0005.png,148,392,20
0005.png,127,394,20
0005.png,137,395,20
0005.png,116,397,20
0005.png,125,398,20
0005.png,106,400,20
0005.png,115,401,20
0005.png,96,403,20
0005.png,106,404,20
0005.png,87,406,20
0005.png,98,407,20
0005.png,79,409,20
0005.png,61,411,20
0005.png,71,412,20
0005.png,52,414,20
0005.png,63,415,20
0005.png,44,417,20
0005.png,54,418,20
0005.png,36,420,20
0005.png,46,421,20
0005.png,28,423,20
0005.png,38,424,20
0005.png,19,426,20
0005.png,5,428,20
0005.png,22,429,20
0005.png,9,433,20
0005.png,619,267,70
0005.png,612,273,70
0005.png,606,277,70
0005.png,612,280,70
0005.png,604,284,70
0005.png,596,288,70
0005.png,588,292,70
0005.png,582,296,70
0005.png,577,300,70
0005.png,581,303,70
0005.png,573,307,70
0005.png,567,311,70
0005.png,563,315,70
0005.png,561,319,70
0005.png,559,323,70
0005.png,546,328,70
0005.png,545,332,70
0005.png,543,336,70
0005.png,539,340,70
0005.png,536,344,70
0005.png,531,348,70
0005.png,516,353,70
0005.png,514,357,70
0005.png,513,361,70
0005.png,511,365,70
0005.png,498,370,70
0005.png,496,374,70
0005.png,494,378,70
0005.png,492,382,70
0005.png,479,387,70
0005.png,475,391,70
0005.png,472,395,70
0005.png,468,399,70
0005.png,467,403,70
0005.png,459,408,70
0005.png,451,413,70
0005.png,453,417,70
0005.png,445,422,70
0005.png,447,426,70
0005.png,440,431,70
0005.png,432,436,70
0005.png,424,441,70
0005.png,426,445,70
0005.png,418,450,70
0005.png,410,455,70
0005.png,412,459,70
0005.png,405,464,70
0005.png,397,469,70
0005.png,399,473,70
0005.png,391,478,70
0005.png,383,483,70
0005.png,385,487,70
0005.png,377,492,70
0005.png,369,497,70
0005.png,372,501,70
0005.png,364,506,70
0005.png,356,511,70
0005.png,358,515,70
0005.png,350,520,70
0005.png,342,525,70
0005.png,344,529,70
0005.png,337,534,70
0005.png,329,539,70
0005.png,331,543,70
0005.png,323,548,70
0005.png,315,553,70
0005.png,317,557,70
0005.png,309,562,70
0005.png,301,567,70
0005.png,304,571,70
0005.png,296,576,70
0005.png,288,581,70
0005.png,290,585,70
0005.png,282,590,70
0005.png,274,595,70
0005.png,276,599,70
0005.png,268,604,70
0005.png,261,609,70
0005.png,263,613,70
0005.png,255,618,70
0005.png,247,623,70
0005.png,249,627,70
0005.png,241,632,70
0005.png,233,637,70
0005.png,236,641,70
0005.png,228,646,70
0005.png,220,651,70
0005.png,222,655,70
0005.png,214,660,70
0005.png,206,665,70
0005.png,208,669,70
0005.png,200,674,70
0005.png,193,679,70
0005.png,185,684,70
0005.png,187,688,70
0005.png,179,693,70
0005.png,181,697,70
0005.png,173,702,70
0005.png,165,707,70
0005.png,164,713,70
0005.png,683,277,120
0005.png,684,283,120
0005.png,688,287,120
0005.png,703,290,120
0005.png,708,294,120
0005.png,714,298,120
0005.png,718,302,120
0005.png,723,306,120
0005.png,728,310,120
0005.png,734,314,120
0005.png,739,318,120
0005.png,743,322,120
0005.png,748,326,120
0005.png,755,330,120
0005.png,755,335,120
0005.png,766,339,120
0005.png,769,344,120
0005.png,773,349,120
0005.png,785,353,120
0005.png,786,358,120
0005.png,789,363,120
0005.png,793,368,120
0005.png,807,372,120
0005.png,810,377,120
0005.png,813,382,120
0005.png,815,387,120
0005.png,827,391,120
0005.png,830,396,120
0005.png,833,401,120
0005.png,845,405,120
0005.png,846,410,120
0005.png,847,415,120
0005.png,858,419,120
0005.png,860,424,120
0005.png,870,428,120
0005.png,878,432,120
0005.png,876,437,120
0005.png,884,441,120
0005.png,885,446,120
0005.png,895,450,120
0005.png,903,454,120
0005.png,901,459,120
0005.png,911,463,120
0005.png,921,467,120
0005.png,920,472,120
0005.png,928,476,120
0005.png,937,480,120
0005.png,937,485,120
0005.png,947,489,120
0005.png,945,494,120
0005.png,954,498,120
0005.png,962,502,120
0005.png,963,507,120
0005.png,972,511,120
0005.png,981,515,120
0005.png,979,520,120
0005.png,989,524,120
0005.png,989,529,120
0005.png,998,533,120
0005.png,1006,537,120
0005.png,1014,541,120
0005.png,1014,546,120
0005.png,1025,550,120
0005.png,1023,555,120
0005.png,1031,559,120
0005.png,1040,563,120
0005.png,1042,568,120
0005.png,1050,572,120
0005.png,1058,576,120
0005.png,1056,581,120
0005.png,1066,585,120
0005.png,1067,590,120
0005.png,1075,594,120
0005.png,1083,598,120
0005.png,1082,603,120
0005.png,1093,607,120
0005.png,1102,611,120
0005.png,1100,616,120
0005.png,1108,620,120
0005.png,1109,625,120
0005.png,1119,629,120
0005.png,1127,633,120
0005.png,1125,638,120
0005.png,1134,642,120
0005.png,1144,646,120
0005.png,1144,651,120
0005.png,1152,655,120
0005.png,1161,659,120
0005.png,1161,664,120
0005.png,1171,668,120
0005.png,1169,673,120
0005.png,1178,677,120
0005.png,1185,681,120
0005.png,1192,685,120
0005.png,1200,689,120
0005.png,1201,694,120
0005.png,1211,698,120
0005.png,1209,703,120
0005.png,1217,707,120
0005.png,1221,713,120
0005.png,783,277,170
0005.png,786,280,170
0005.png,801,281,170
0005.png,785,283,170
0005.png,791,284,170
0005.png,797,285,170
0005.png,802,286,170
0005.png,808,287,170
0005.png,815,288,170
0005.png,820,289,170
0005.png,826,290,170
0005.png,832,291,170
0005.png,838,292,170
0005.png,845,293,170
0005.png,851,294,170
0005.png,858,295,170
0005.png,865,296,170
0005.png,871,297,170
0005.png,850,299,170
0005.png,857,300,170
0005.png,862,301,170
0005.png,868,302,170
0005.png,873,303,170
0005.png,879,304,170
0005.png,885,305,170
0005.png,890,306,170
0005.png,896,307,170
0005.png,901,308,170
0005.png,906,309,170
0005.png,911,310,170
0005.png,916,311,170
0005.png,920,312,170
0005.png,925,313,170
0005.png,929,314,170
0005.png,933,315,170
0005.png,938,316,170
0005.png,941,317,170
0005.png,945,318,170
0005.png,950,319,170
0005.png,953,320,170
0005.png,957,321,170
0005.png,962,322,170
0005.png,965,323,170
0005.png,969,324,170
0005.png,973,325,170
0005.png,978,326,170
0005.png,982,327,170
0005.png,986,328,170
0005.png,991,329,170
0005.png,995,330,170
0005.png,999,331,170
0005.png,1004,332,170
0005.png,1009,333,170
0005.png,1013,334,170
0005.png,1018,335,170
0005.png,1022,336,170
0005.png,1027,337,170
0005.png,1033,338,170
0005.png,1037,339,170
0005.png,1042,340,170
0005.png,1047,341,170
0005.png,1051,342,170
0005.png,1057,343,170
0005.png,1062,344,170
0005.png,1066,345,170
0005.png,1071,346,170
0005.png,1076,347,170
0005.png,1081,348,170
0005.png,1086,349,170
0005.png,1091,350,170
0005.png,1096,351,170
0005.png,1102,352,170
0005.png,1107,353,170
0005.png,1113,354,170
0005.png,1119,355,170
0005.png,1124,356,170
0005.png,1130,357,170
0005.png,1135,358,170
0005.png,1141,359,170
0005.png,1146,360,170
0005.png,1151,361,170
0005.png,1156,362,170
0005.png,1162,363,170
0005.png,1166,364,170
0005.png,1171,365,170
0005.png,1176,366,170
0005.png,1180,367,170
0005.png,1186,368,170
0005.png,1190,369,170
0005.png,1196,370,170
0005.png,1201,371,170
0005.png,1206,372,170
0005.png,1212,373,170
0005.png,1218,374,170
0005.png,1223,375,170
0005.png,1229,376,170
0005.png,1235,377,170
0005.png,1218,379,170
0005.png,1233,380,170
0005.png,1237,383,170
